0.463476
0.458585
0.489760
0.333260
0.367804
0.437245
0.482749
0.352283
0.481226
0.377076
0.420610
0.256703
0.308246
0.451347
0.557515
0.066743
0.433206
0.445153
0.356263
0.582087
0.351726
0.169530
0.090032
0.308246
0.277150
0.430489
0.351180
0.163037
0.364436
0.431747
0.515409
0.461187
0.521695
0.388139
0.454289
0.205779
0.424662
0.345744
0.446209
0.436089
0.506854
0.272003
0.115722
0.511683
0.158038
0.495123
0.418366
0.493040
0.410449
0.407965
0.318982
0.168601
0.339334
0.355335
0.382127
0.257532
0.561279
0.496907
0.176054
0.390032
0.461121
0.308246
0.480580
0.559454
0.498899
0.518150
0.442708
0.394924
0.218165
0.523126
0.490328
0.504388
0.379541
0.549743
0.308246
0.420570
0.393560
0.458990
0.446981
0.152120
0.510877
0.488031
0.308246
0.136607
0.333788
0.150587
0.537423
0.492806
0.422697
0.182782
0.182782
0.355742
0.274504
0.197076
0.153658
0.338729
0.250561
0.287024
0.499789
0.467157
0.414717
0.491848
0.443157
0.471683
0.308246
0.551068
0.329586
0.437942
0.384784
0.361337
0.521941
0.308246
0.205586
0.428549
0.388740
0.421320
0.480788
0.312418
0.204670
0.513173
0.215772
0.518199
0.543137
0.243959
0.383825
0.344836
0.186171
0.298138
0.308082
0.282239
0.515458
0.141883
0.182782
0.166322
0.461979
0.195637
0.117163
0.288538
0.222690
0.185014
0.503816
0.150421
0.479131
0.479755
0.308246
0.117163
0.308246
0.349348
0.479421
0.425126
0.543827
0.396971
0.395344
0.182782
0.298138
0.298138
0.497647
0.456299
0.495239
0.256242
0.364939
0.518056
0.476312
0.420867
0.151341
0.166593
0.489528
0.386950
0.052617
0.428518
0.204670
0.273788
0.426763
0.334052
0.453992
0.308246
0.405557
0.401867
0.218250
0.453505
0.398044
0.540410
0.553248
0.493777
0.435052
0.248844
0.376097
0.475658
0.439358
0.491606
0.506326
0.428287
0.204112
0.521319
0.516281
0.234070
0.470530
0.513890
0.348864
0.260834
0.479904
0.120625
0.294574
0.377418
0.388128
0.415503
0.437561
0.433839
0.528558
0.491590
0.308246
0.491854
0.518314
0.437766
0.509498
0.170517
0.366706
0.182782
0.540285
0.512472
0.451566
0.470604
0.388502
0.120625
0.308246
0.288832
0.431498
0.318453
0.166322
0.387987
0.254804
0.442909
0.444744
0.419848
0.356890
0.386406
0.499438
0.516291
0.386798
0.494618
0.122649
0.451046
0.498801
0.444211
0.377892
0.369489
0.478198
0.356499
0.336550
0.431973
0.182782
0.496903
0.379492
0.312626
0.525754
0.445198
0.535221
0.308246
0.461946
0.455781
0.548634
0.546120
0.182782
0.288113
0.197388
0.440313
0.341516
0.304266
0.479358
0.572121
0.308246
0.414026
0.498823
0.308246
0.452698
0.514681
0.182782
0.454505
0.308246
0.340191
0.297794
0.119288
0.308246
0.469818
0.323414
0.522679
0.115021
0.424805
0.193129
0.376669
0.380045
0.566127
0.172422
0.182782
0.386947
0.392947
0.488469
0.133830
0.568058
0.510641
0.281776
0.387481
0.398816
0.482950
0.150587
0.512116
0.345095
0.170631
0.409195
0.142917
0.298081
0.335003
0.188855
0.431029
0.384263
0.600190
0.520827
0.381446
0.381349
0.491959
0.365651
0.399184
0.436387
0.430214
0.381964
0.185014
0.123428
0.432695
0.182782
0.436827
0.341278
0.523836
0.388808
0.339203
0.546072
0.461273
0.446439
0.469203
0.324107
0.509770
0.256665
0.454474
0.552265
0.155610
0.231983
0.190416
0.439997
0.401457
0.551537
0.364683
0.447177
0.301533
0.390829
0.451977
0.361376
0.269861
0.501900
0.434079
0.264490
0.230530
0.302602
0.465217
0.335327
0.334078
0.436732
0.406222
0.165682
0.308586
0.491274
0.308246
0.309164
0.460380
0.391095
0.394828
0.522051
0.481491
0.459129
0.495194
0.425235
0.308246
