0.297088
0.376917
0.244865
0.120101
0.279585
0.344407
0.152487
0.134691
0.366183
0.327676
0.173544
0.222245
0.195985
0.269232
0.275119
0.424828
0.307251
0.206773
0.313261
0.265435
0.237074
0.331413
0.210081
0.421986
0.174108
0.088668
0.399675
0.287065
0.179778
0.477911
0.318885
0.069610
0.306563
0.152738
0.235070
0.374260
0.118845
0.265435
0.480044
0.201749
0.155810
0.284680
0.203433
0.243635
0.241300
0.192658
0.236797
0.239931
0.234287
0.156261
0.432311
0.290219
0.261763
0.131780
0.360605
0.297523
0.238131
0.554054
0.306018
0.484855
0.511437
0.257263
0.281278
0.274304
0.265435
0.128238
0.238587
0.453332
0.256544
0.533654
0.138758
0.215652
0.213576
0.135792
0.275902
0.424096
0.492763
0.680330
0.234352
0.211816
0.307505
0.223594
0.301790
0.380241
0.198146
0.208805
0.265435
0.285837
0.258089
0.227904
0.400752
0.270401
0.247544
0.319848
0.265435
0.501993
0.406815
0.221988
0.206842
0.177842
0.339954
0.280646
0.214144
0.409586
0.208824
0.223594
0.261356
0.234100
0.346133
0.129156
0.239839
0.163791
0.217106
0.234557
0.160474
0.468903
0.174798
0.227894
0.248097
0.172707
0.669416
0.143900
0.229066
0.294114
0.254499
0.146663
0.216198
0.266459
0.406001
0.226795
0.260261
0.190441
0.336858
0.238427
0.226804
0.199874
0.614869
0.280809
0.240692
0.221488
0.598159
0.116550
0.184793
0.233373
0.332884
0.663328
0.343349
0.489837
0.265435
0.331440
0.265435
0.225826
0.133297
0.308862
0.673043
0.256180
0.161598
0.269232
0.378591
0.418891
0.281278
0.274327
0.123611
0.220611
0.259493
0.280161
0.127566
0.103238
0.220259
0.436885
0.563115
0.108834
0.118371
0.150689
0.172626
0.356734
0.160438
0.423646
0.235981
0.320290
0.191812
0.294114
0.320009
0.113737
0.274605
0.255175
0.192704
0.277567
0.443078
0.338084
0.400279
0.240861
0.050556
0.392019
0.296332
0.311317
0.208720
0.410617
0.316666
0.184640
0.224475
0.201772
0.453620
0.260434
0.563116
0.261824
0.272229
0.456062
0.178527
0.346565
0.220730
0.185993
0.324804
0.441278
0.202804
0.383357
0.267465
0.403820
0.590035
0.250276
0.123383
0.340775
0.284398
0.449371
0.293239
0.226871
0.356159
0.347977
0.148212
0.355288
0.162219
0.263583
0.209852
0.240578
0.229661
0.317237
0.265435
0.322001
0.240578
0.163803
0.205203
0.195238
0.372574
0.186050
0.178715
0.232439
0.215134
0.286779
0.163905
0.129039
0.523252
0.249066
0.515841
0.407623
0.433196
0.547083
0.257067
0.294114
0.356104
0.395267
0.313738
0.294114
0.281158
0.255341
0.259060
0.294114
0.311545
0.249113
0.137081
0.400684
0.243905
0.215758
0.269232
0.270175
0.317448
0.282326
0.265435
0.217921
0.248065
0.513018
0.265435
0.265435
0.265435
0.265435
0.258970
0.422897
0.265435
0.277863
0.103092
0.562257
0.208638
0.275550
0.157922
0.294114
0.489908
0.194295
0.271220
0.660974
0.328396
0.365948
0.156772
0.248672
0.204775
0.279997
0.265435
0.188216
0.665041
0.294114
0.265435
0.134914
0.553100
0.268348
0.194708
0.222537
0.446266
0.265546
0.177626
0.294114
0.201339
0.563877
0.119646
0.234738
0.241609
0.410383
0.251148
0.265435
0.270781
0.332988
0.583558
0.469561
0.265435
0.263583
0.091668
0.215719
0.220111
0.656674
0.453332
0.208192
0.368343
0.181059
0.294114
0.280342
0.408288
0.265435
0.369490
0.275761
0.191541
0.243501
0.508204
0.248661
0.407143
0.294114
0.273231
0.322125
0.251862
0.203961
0.174630
0.396274
0.202547
0.348264
0.228746
0.299434
0.511631
0.627168
0.293124
0.223853
0.283629
0.510612
0.283520
0.322899
0.289764
0.147001
0.433569
0.259157
0.243877
0.311167
0.392234
0.142354
0.232115
0.288470
