0.306358
0.230997
0.543623
0.303649
0.275826
0.338345
0.414564
0.207076
0.412651
0.393533
0.419096
0.215495
0.077217
0.420356
0.379103
0.323053
0.275826
0.307477
0.539321
0.534347
0.304051
0.448066
0.362997
0.275826
0.317695
0.209490
0.366488
0.159704
0.464770
0.419039
0.275826
0.393720
0.338355
0.356053
0.272106
0.465536
0.387715
0.482512
0.361667
0.381834
0.417582
0.428305
0.313551
0.427854
0.467089
0.244983
0.351865
0.461913
0.437605
0.682367
0.077217
0.134402
0.267952
0.489772
0.192326
0.521366
0.419450
0.538035
0.241949
0.558118
0.562267
0.571144
0.275826
0.343058
0.490842
0.490459
0.361632
0.411504
0.566491
0.543737
0.348254
0.350930
0.336377
0.158071
0.235998
0.374827
0.339085
0.372700
0.482596
0.401047
0.388768
0.190278
0.232622
0.419315
0.077217
0.396629
0.396301
0.459628
0.523848
0.513422
0.337682
0.236963
0.218068
0.245236
0.376240
0.454722
0.509471
0.420522
0.426177
0.331166
0.384299
0.275826
0.408680
0.284399
0.372230
0.328345
0.484291
0.424286
0.195866
0.230647
0.540321
0.275831
0.365947
0.399891
0.371789
0.489538
0.399581
0.467356
0.398173
0.159704
0.077217
0.257962
0.367096
0.362409
0.459698
0.348089
0.205642
0.275826
0.530035
0.416603
0.303165
0.345112
0.360342
0.523525
0.505558
0.220450
0.077217
0.275826
0.334513
0.492935
0.303989
0.077217
0.426301
0.275826
0.374880
0.184557
0.324595
0.317428
0.260961
0.445166
0.477120
0.536844
0.432467
0.303618
0.562796
0.548944
0.519052
0.162706
0.530081
0.258344
0.378679
0.231504
0.234374
0.456618
0.308392
0.327294
0.344954
0.244947
0.303590
0.543459
0.351438
0.406839
0.419240
0.352806
0.545897
0.551438
0.243056
0.463468
0.261877
0.275826
0.461883
0.275826
0.412716
0.541136
0.526072
0.452414
0.637724
0.297649
0.310082
0.148599
0.495290
0.415072
0.435652
0.332100
0.275826
0.266270
0.669840
0.328471
0.299805
0.282939
0.331511
0.280651
0.483758
0.634870
0.351293
0.254213
0.415545
0.193058
0.317957
0.077217
0.697931
0.403133
0.271884
0.449693
0.139488
0.577526
0.410873
0.303113
0.327375
0.231015
0.515879
0.292241
0.466688
0.275826
0.237327
0.242342
0.207076
0.246695
0.077217
0.139488
0.069186
0.422188
0.651434
0.344712
0.371979
0.440424
0.517517
0.521228
0.420307
0.361804
0.399424
0.565511
0.315185
0.274703
0.349221
0.400255
0.278317
0.457619
0.251369
0.572716
0.421594
0.326997
0.319764
0.423748
0.454387
0.479897
0.331733
0.495940
0.478667
0.493627
0.553725
0.314136
0.527174
0.252317
0.451249
0.375552
0.498599
0.255864
0.242119
0.275826
0.262323
0.384859
0.176511
0.521440
0.478291
0.388602
0.391275
0.176948
0.281630
0.326082
0.533964
0.538437
0.193058
0.428542
0.325893
0.398733
0.467391
0.327670
0.439928
0.197567
0.410898
0.322016
0.207076
0.297549
0.360154
0.351970
0.077217
0.172878
0.230739
0.525419
0.559792
0.216213
0.527452
0.275826
0.370235
0.419599
0.448128
0.275826
0.174975
0.548363
0.207760
0.425498
0.242374
0.537410
0.193679
0.340881
0.394838
0.369370
0.519214
0.426707
0.579104
0.378843
0.591946
0.540247
0.369927
0.319721
0.562584
0.272607
0.078139
0.275826
0.419405
0.493446
0.436137
0.560871
0.204042
0.381450
0.604127
0.383000
0.585347
0.492758
0.275826
0.267562
0.475870
0.188910
0.207760
0.469443
0.498092
0.162576
0.374210
0.524307
0.323903
0.436406
0.392288
0.495691
0.339210
0.269969
0.112213
0.273472
0.349833
0.494383
0.326970
0.132077
0.353087
0.560471
0.077217
0.318345
0.470425
0.132923
0.390719
0.456796
0.244947
0.557009
0.555458
0.191315
0.462482
0.112213
0.357669
0.367046
0.275826
0.404277
