0.124942
0.555713
0.456837
0.268866
0.649109
0.213001
0.494976
0.367741
0.275752
0.272977
0.403023
0.476303
0.461162
0.404738
0.357354
0.281523
0.254895
0.340128
0.296233
0.465201
0.624399
0.391010
0.400999
0.577918
0.513152
0.336924
0.442249
0.483148
0.370240
0.347424
0.344790
0.066592
0.303935
0.389121
0.512092
0.381980
0.483053
0.403949
0.240100
0.433367
0.336909
0.452723
0.418015
0.342804
0.126162
0.105934
0.613669
0.302970
0.124942
0.372433
0.292643
0.371382
0.440736
0.481228
0.155841
0.430935
0.105934
0.344535
0.423655
0.464887
0.382285
0.157192
0.323228
0.353219
0.388413
0.303657
0.278339
0.363223
0.427286
0.349930
0.126636
0.324469
0.523126
0.134301
0.449779
0.441623
0.336904
0.394265
0.404847
0.498335
0.101933
0.297672
0.380753
0.105934
0.252177
0.423991
0.111508
0.105934
0.405287
0.568231
0.341016
0.411298
0.287276
0.423789
0.261646
0.304860
0.444275
0.367160
0.358046
0.213697
0.361061
0.091696
0.404328
0.358461
0.219761
0.471731
0.471800
0.221943
0.322264
0.436518
0.181013
0.404778
0.459052
0.344664
0.386653
0.411672
0.465467
0.296538
0.364193
0.391585
0.407890
0.573299
0.402460
0.443634
0.360353
0.126162
0.245914
0.329647
0.230251
0.227056
0.435614
0.334886
0.355975
0.404581
0.227055
0.340060
0.510831
0.347806
0.445106
0.426968
0.430469
0.359215
0.271255
0.233517
0.105934
0.267540
0.323898
0.380313
0.484514
0.335587
0.402411
0.438171
0.454510
0.124942
0.249528
0.240600
0.382309
0.327670
0.105934
0.206681
0.194150
0.022358
0.370702
0.204931
0.368886
0.200410
0.476872
0.483448
0.540864
0.350855
0.363118
0.267540
0.350999
0.383268
0.409257
0.124942
0.201493
0.358188
0.375041
0.439476
0.208901
0.207749
0.245914
0.335963
0.422156
0.424559
0.425447
0.256737
0.348591
0.124942
0.124942
0.423192
0.302833
0.350391
0.268230
0.604788
0.168183
0.332685
0.448480
0.292294
0.105934
0.124942
0.415064
0.420149
0.521268
0.193944
0.091259
0.167229
0.224775
0.374926
0.433293
0.295379
0.341144
0.294802
0.444709
0.369803
0.389272
0.361867
0.318361
0.381594
0.394512
0.105934
0.542314
0.300995
0.473846
0.351645
0.377143
0.436283
0.340848
0.355566
0.466176
0.400255
0.360851
0.481456
0.411888
0.200477
0.034641
0.337268
0.353063
0.553609
0.399167
0.279678
0.402695
0.105934
0.410643
0.224775
0.415333
0.353777
0.286858
0.452201
0.105934
0.376433
0.429942
0.537249
0.128012
0.308896
0.105934
0.380791
0.316016
0.625057
0.468135
0.359615
0.310120
0.299807
0.349333
0.219618
0.392246
0.105934
0.469502
0.101933
0.182835
0.336767
0.289269
0.445230
0.379964
0.279139
0.470016
0.444307
0.437999
0.469784
0.207150
0.337379
0.367266
0.458707
0.385366
0.420139
0.405309
0.360056
0.461819
0.124942
0.473681
0.330267
0.363571
0.420150
0.393553
0.572177
0.400850
0.338246
0.545623
0.422103
0.425567
0.388712
0.455331
0.298016
0.105934
0.441662
0.365925
0.304166
0.276576
0.105934
0.472962
0.105934
0.409735
0.322411
0.449583
0.105934
0.343605
0.425089
0.124942
0.556218
0.525006
0.314698
0.208901
0.398999
0.461690
0.202015
0.193188
0.223990
0.356934
0.413429
0.124942
0.427252
0.422765
0.348036
0.402256
0.220251
0.354832
0.374898
0.391683
0.510667
0.318943
0.363775
0.219761
0.105934
0.549045
0.267540
0.341158
0.469260
0.435674
0.187842
0.359481
0.351167
0.377310
0.493595
0.231041
0.105934
0.363566
0.203328
0.396443
0.446809
0.494057
0.404226
0.472483
0.422704
0.275804
0.274783
0.446552
0.138789
0.326875
0.287303
0.344287
0.313109
0.280733
0.397862
0.484915
0.105934
0.220252
0.388499
0.434414
0.567480
